F-Score1a:0.932134096484
Recall1a:0.926829268293
Precision1a:0.9375
Accuracy1a:0.917
RMSE1b:0.56526220444
F-Score1c:0.542222222222
Recall1c:0.655913978495
Precision1c:0.462121212121
Accuracy1c:0.49756097561
RMSE2:0.527775518407
