F-Score1a:0.942122186495
Recall1a:0.952845528455
Precision1a:0.931637519873
Accuracy1a:0.928
RMSE1b:0.532443786788
F-Score1c:0.624161073826
Recall1c:1.0
Precision1c:0.453658536585
Accuracy1c:0.453658536585
RMSE2:0.467822889584
